171
171
171
171
171
171
171
171
171
170
170
171
171
171
165
165
165
165
165
165
165
165
165
165
165
165
165
165
165
165
165
167
171
171
171
171
171
171
171
171
171
171
171
171
171
171
171
171
171
171
171
171
171
179
194
194
185
185
179
179
179
179
179
179
179
179
179
179
179
179
179
179
179
179
179
179
179
179
179
179
179
179
179
179
179
179
179
179
179
179
185
185
185
185
185
185
185
185
185
185
185
185
185
185
185
194
247
286
286
257
242
242
242
242
242
242
242
242
242
242
242
242
242
242
242
242
242
242
242
242
242
242
242
242
256
247
257
253
253
242
242
229
228
242
257
257
257
257
257
257
254
257
257
272
272
272
272
272
135
135
135
135
135
135
135
135
135
135
135
135
135
135
135
121
121
121
121
121
121
121
121
121
121
121
121
121
121
121
121
121
121
121
121
121
121
121
121
121
121
121
121
121
121
121
121
121
121
121
121
121
121
121
121
121
121
121
121
121
121
121
121
121
122
135
135
135
135
135
135
135
135
135
135
135
135
135
135
135
135
171
171
171
135
135
135
135
171
179
135
135
135
135
135
135
135
135
135
135
135
135
135
135
135
135
135
121
121
121
121
121
121
121
121
121
121
121
121
121
121
121
121
121
121
121
121
121
121
121
121
121
121
121
121
121
121
125
135
135
135
135
135
135
135
135
135
135
135
135
135
135
135
135
135
135
194
150
135
135
135
135
135
135
135
135
135
135
135
135
135
135
135
135
135
135
135
135
135
135
135
135
135
135
135
135
135
135
135
135
135
135
135
135
135
135
135
135
135
135
135
135
135
135
135
135
135
135
135
135
135
135
135
135
135
135
135
150
150
150
150
150
150
150
150
150
158
212
228
228
228
228
228
219
218
213
214
213
226
228
214
213
