171
171
171
171
171
171
171
171
168
165
165
165
165
165
165
165
165
165
165
165
165
165
165
165
165
165
165
165
165
165
165
171
171
171
171
171
171
171
171
171
171
171
171
171
171
171
171
171
171
171
171
179
179
179
194
185
183
179
179
179
179
179
179
179
179
179
179
179
179
179
179
179
179
179
179
179
179
179
179
179
179
179
179
179
179
179
179
179
179
179
179
179
185
185
185
185
185
185
185
185
185
185
185
185
185
185
185
185
194
244
257
257
242
243
242
242
242
242
243
242
242
242
242
242
242
242
242
242
242
242
242
242
243
242
242
242
244
242
242
242
257
256
243
242
242
242
242
242
242
257
257
257
257
257
257
257
257
255
135
135
135
135
135
135
135
135
134
123
121
121
121
121
121
121
121
121
121
121
121
121
121
121
121
121
121
121
121
121
121
121
121
121
121
121
121
121
121
121
121
121
121
121
121
121
121
121
121
121
121
121
121
121
121
121
121
121
121
121
121
121
121
121
121
135
135
135
135
135
135
135
135
135
135
135
135
135
135
135
179
171
179
135
135
135
135
135
135
135
135
135
135
135
135
135
135
135
135
135
135
135
135
122
121
121
121
121
121
121
121
121
121
121
121
121
121
121
121
121
121
121
121
121
121
121
121
121
121
121
121
121
121
134
135
135
135
135
135
135
135
135
135
135
135
135
135
135
135
135
135
135
135
135
135
135
135
135
135
194
150
135
135
135
135
135
135
135
135
135
135
135
135
135
135
135
135
135
135
135
135
135
135
135
135
135
135
135
135
135
135
135
135
135
135
135
135
135
135
135
135
135
135
135
135
135
135
135
135
135
135
135
135
135
135
135
149
150
150
150
150
150
150
150
150
150
156
156
156
156
190
213
213
213
213
213
213
213
213
213
214
214
