
194
194
194
194
194
194
194
185
182
185
194
194
194
194
194
194
194
194
194
194
135
135
135
135
135
135
135
135
135
135
135
135
135
135
135
135
135
135
135
135
135
135
135
135
135
135
135
135
135
135
135
135
135
135
135
135
135
135
135
135
135
135
135
135
135
135
135
135
135
135
135
135
135
135
135
179
165
150
135
135
135
135
135
135
135
135
135
135
135
135
135
135
135
135
135
135
135
135
135
135
135
135
135
135
135
135
135
135
135
135
135
135
135
135
150
150
150
150
150
150
179
179
150
150
179
179
179
179
179
180
192
194
194
194
183
194
194
194
194
194
194
194
194
194
194
194
194
194
194
194
194
194
194
194
194
194
194
194
194
194
194
299
228
432
194
194
194
194
389
194
194
194
194
135
135
135
135
135
135
135
135
135
135
135
135
135
135
123
121
121
121
121
121
121
121
121
121
121
121
121
121
121
121
121
121
121
121
121
121
121
121
121
134
135
135
135
135
135
135
135
135
135
135
135
135
135
135
135
135
135
135
135
135
147
194
194
194
228
219
213
213
214
213
213
213
213
213
213
213
213
213
213
214
214
214
214
214
213
214
214
214
194
194
194
194
194
194
194
194
194
194
179
179
179
179
179
156
156
156
163
156
156
156
156
156
156
156
156
156
156
155
151
150
150
150
150
150
150
150
150
150
150
150
150
150
150
150
150
150
150
150
150
156
156
156
156
156
156
156
156
165
165
165
165
165
165
165
165
179
179
179
179
165
165
165
179
179
135
135
135
135
135
135
135
135
135
135
135
135
135
135
135
135
135
135
135
135
135
135
135
135
135
135
135
135
135
135
135
135
135
135
135
135
135
135
135
135
135
135
135
135
135
135
135
135
135
135
135
135
135
135
135
135
135
135