307
228
218
172
135
135
135
135
135
135
135
135
135
135
135
135
135
135
135
135
135
135
135
135
135
135
135
135
135
135
135
135
135
135
135
135
135
135
135
135
135
135
135
135
135
135
135
135
135
135
135
135
135
135
135
135
135
135
135
135
135
135
135
135
284
301
269
135
135
135
135
135
135
135
135
135
135
135
135
135
135
135
135
135
135
135
135
135
135
135
135
135
135
135
135
135
135
135
135
135
135
135
135
135
135
135
135
135
135
135
135
135
135
135
138
321
469
272
272
272
272
272
257
257
272
272
272
257
257
248
257
257
257
257
242
242
248
242
242
243
242
242
242
242
242
242
242
242
242
242
242
242
243
242
242
242
242
242
242
242
242
257
257
257
257
257
257
257
200
200
272
272
171
171
447
171
171
171
171
171
171
171
171
171
321
321
171
171
171
232
371
374
191
171
171
171
171
171
171
171
171
171
171
171
171
171
171
171
171
171
171
171
301
301
301
272
185
301
301
301
286
286
286
286
286
286
301
416
301
302
315
242
228
228
397
272
272
272
272
185
185
432
185
185
185
185
185
185
185
185
185
185
185
185
185
185
185
185
185
185
185
185
171
171
171
171
171
171
171
171
171
171
171
171
171
171
171
171
171
171
171
171
171
171
171
171
171
171
171
171
171
171
171
284
315
272
272
272
452
295
185
185
185
185
185
228
228
498
491
491
491
491
491
490
489
491
491
491
156
156
156
156
156
156
156
156
156
156
156
156
156
152
150
150
150
150
150
150
150
150
150
150
150
150
150
150
150
150
150
150
150
150
150
150
150
150
150
150
150
150
150
150
150
150
150
150
150
150
150
