171
171
171
171
171
171
171
171
171
171
168
165
165
165
165
165
165
165
165
165
165
165
165
165
165
165
165
165
165
165
165
165
171
171
171
171
171
171
171
171
171
171
171
171
171
171
171
171
177
171
171
171
171
179
194
194
185
184
179
179
179
179
179
179
179
179
179
179
179
179
179
179
179
179
179
179
179
179
179
179
179
179
179
179
179
179
179
179
179
179
179
185
185
185
185
185
185
185
185
185
185
185
185
185
185
185
203
251
257
257
242
243
243
243
242
242
242
242
242
242
242
242
242
242
242
242
243
242
242
242
242
242
242
242
257
254
254
257
257
257
242
242
242
228
228
247
257
257
257
257
257
257
257
257
258
260
272
272
135
135
135
135
135
135
135
135
135
135
135
135
135
135
134
121
121
121
121
121
121
121
121
121
121
121
121
121
121
121
121
121
121
121
121
121
121
121
121
121
121
121
121
121
121
121
121
121
121
121
121
121
121
121
121
121
121
121
121
121
121
121
121
121
122
135
135
135
135
135
135
135
135
135
135
135
135
135
135
135
179
171
171
179
135
135
135
135
179
135
135
135
135
135
135
135
135
135
135
135
135
135
135
135
135
122
121
121
121
121
121
121
121
121
121
121
121
121
121
121
121
121
121
121
121
121
121
121
121
121
121
121
121
121
121
121
135
135
135
135
135
135
135
135
135
135
135
135
135
135
135
135
135
135
135
135
194
150
135
135
135
135
135
135
135
135
135
135
135
135
135
135
135
135
135
135
135
135
135
135
135
135
135
135
135
135
135
135
135
135
135
135
135
135
135
135
135
135
135
135
135
135
135
135
135
135
135
135
135
135
135
135
135
135
135
135
150
150
150
150
150
150
150
150
150
150
165
228
228
213
228
228
213
213
213
214
222
218
215
214
214
213
