330
332
344
330
330
331
177
135
135
135
135
135
135
135
135
135
135
135
135
135
135
135
135
135
135
135
135
135
135
135
135
135
135
135
135
135
135
135
135
135
135
135
135
135
135
135
135
135
135
135
135
135
135
135
135
135
135
135
135
135
135
135
135
135
135
135
135
135
135
135
135
135
135
135
135
135
135
135
135
135
135
135
135
135
135
135
135
135
135
135
135
135
135
135
135
135
135
135
135
135
135
135
135
135
135
135
135
135
135
135
135
135
135
135
135
135
135
135
272
272
272
403
403
403
403
403
403
257
242
242
242
242
242
242
242
242
242
242
243
242
242
242
228
228
242
242
242
228
228
235
242
242
242
242
242
242
242
242
242
242
242
242
242
242
242
242
241
242
242
228
228
242
242
242
242
242
242
242
242
257
417
417
418
417
417
418
330
403
417
417
418
150
150
150
150
150
150
150
150
150
150
150
150
150
150
150
150
150
150
150
150
150
150
150
315
299
315
316
315
316
316
301
315
476
315
315
315
315
315
315
321
242
242
242
242
242
242
242
242
228
228
228
228
228
228
228
225
228
228
228
228
228
228
302
476
484
445
363
171
171
171
171
171
171
171
171
171
171
171
171
171
171
171
171
171
171
171
171
171
171
171
171
171
171
171
171
171
171
171
171
171
171
171
171
171
171
171
171
171
171
171
171
171
171
171
171
171
171
171
171
171
171
171
171
171
171
185
185
185
185
185
242
286
286
286
286
286
286
286
171
171
286
286
286
286
286
359
286
286
427
380
499
461
217
249
186
156
156
156
156
156
156
156
156
156
156
156
150
150
150
150
150
150
150
150
150
150
150
150
150
150
150
150
150
150
150
150
150
150
150
150
150
150
150
150
150
150
150
150
150
150