315
315
302
200
165
165
165
165
165
165
165
165
165
165
165
165
165
165
165
165
165
165
165
165
165
165
165
165
165
165
165
165
165
165
165
165
165
165
165
165
165
165
165
165
165
165
165
165
165
165
165
165
165
165
165
165
165
165
171
171
179
179
179
179
177
167
185
243
185
185
185
179
179
179
179
185
185
185
148
74
185
185
185
175
174
9
185
174
18
185
185
178
174
8
185
174
174
185
185
185
185
185
185
185
185
185
185
185
185
185
185
185
185
185
185
185
185
185
185
185
185
185
185
0
0
0
257
239
257
256
243
257
242
242
0
0
0
0
0
0
0
0
0
0
0
243
243
243
242
242
243
243
243
243
242
242
243
242
242
242
242
256
257
257
242
242
257
257
257
257
257
257
257
257
135
135
135
121
121
121
121
121
121
121
121
121
121
121
121
121
121
121
121
121
121
121
121
121
121
121
121
121
121
121
121
121
121
121
121
121
121
121
121
121
121
121
121
121
121
121
121
121
121
121
121
121
121
121
121
121
121
121
121
121
121
121
121
121
121
121
121
135
135
135
135
135
135
135
135
135
135
135
150
165
165
150
135
135
135
147
165
137
135
135
135
135
135
135
135
135
135
135
135
135
135
128
121
121
121
121
121
121
121
121
121
121
121
121
121
121
121
121
121
121
121
121
121
121
121
121
121
121
121
121
121
121
121
121
134
135
135
135
135
135
135
135
135
135
135
135
135
135
135
135
135
135
135
135
135
135
135
150
150
150
150
150
150
150
150
150
151
150
150
150
150
150
165
165
165
150
150
150
150
150
150
150
165
160
150
150
150
150
150
150
150
150
150
153
150
150
150
150
150
150
150
150
165
165
165
165
165
165
165
165
165
165
165
165
165
165
165
165
165
165
165
165
165
165
165
165
