226
216
228
228
212
224
228
228
228
330
242
209
171
171
171
171
171
234
171
171
171
171
171
171
171
171
171
171
171
171
171
171
171
171
171
171
171
171
168
169
165
165
165
169
167
171
171
171
171
171
171
171
171
171
171
171
171
171
171
171
171
171
171
171
171
171
171
171
171
171
171
171
239
188
185
185
185
185
185
185
185
185
185
185
185
185
185
185
185
185
185
185
185
185
185
185
185
185
185
185
185
185
185
185
185
185
185
185
185
185
185
185
185
185
286
272
272
272
272
272
257
257
257
242
242
242
242
242
242
242
242
242
242
242
242
242
242
242
242
242
242
242
242
242
242
242
242
242
244
250
242
242
242
242
257
257
257
257
257
257
257
257
242
257
257
257
257
257
257
257
257
135
135
135
135
135
135
135
135
135
135
135
135
135
121
121
121
121
121
121
121
121
121
121
121
121
121
121
121
121
121
121
121
121
121
121
121
121
121
121
121
121
121
121
121
121
121
121
121
121
121
121
121
121
121
121
121
121
121
121
121
121
121
121
121
121
121
121
121
121
121
135
135
135
135
135
135
135
135
135
135
135
135
135
135
135
135
135
135
248
298
296
135
135
135
145
171
212
135
135
135
135
135
135
135
135
135
135
135
135
135
135
132
128
121
121
121
121
121
121
121
121
121
121
121
121
121
121
121
121
121
121
121
121
121
121
121
121
121
121
121
121
121
121
121
121
121
121
121
121
121
121
121
122
135
135
135
135
135
135
135
135
135
135
135
135
135
135
135
135
135
286
135
135
135
135
135
135
135
135
135
135
135
135
135
135
135
135
135
135
135
135
135
135
135
135
135
135
135
135
135
135
135
135
135
135
135
135
135
135
135
135
135
135
135
135
135
135
135
135
135
135
135
135
135
135
135
135
135
135
