228
228
228
171
228
214
214
228
228
194
194
195
194
194
194
194
171
171
171
171
171
171
171
171
171
171
171
171
171
171
171
171
171
171
165
165
165
165
165
165
165
165
165
165
165
165
165
165
165
165
165
165
165
165
165
165
165
171
171
171
171
171
171
171
171
171
171
171
171
171
171
171
171
171
171
171
195
194
194
179
179
180
179
179
179
186
179
179
179
179
180
179
179
179
180
179
179
179
180
179
179
179
179
180
179
179
179
180
179
185
185
186
185
185
185
186
185
185
185
185
186
185
185
185
194
194
194
272
272
258
257
257
242
243
243
242
242
243
243
242
242
243
243
242
242
243
243
242
243
243
243
242
242
243
243
242
242
243
243
243
257
258
258
243
242
257
258
257
257
257
258
258
257
242
243
243
257
257
258
258
272
135
136
136
136
135
136
136
136
135
136
136
136
135
136
136
136
135
121
121
121
121
121
121
121
121
121
121
121
121
121
121
121
121
121
121
121
121
121
121
121
121
121
121
121
121
121
121
121
121
121
121
121
121
121
121
121
121
121
121
121
135
136
136
136
135
136
136
136
135
136
136
136
135
135
136
136
135
135
301
301
194
179
180
179
136
136
136
179
136
136
135
136
136
136
135
136
136
136
135
136
136
136
135
135
136
136
136
121
121
121
121
121
121
121
121
121
121
121
121
121
121
121
121
121
121
121
121
121
121
121
121
121
121
121
121
121
135
136
136
136
135
135
136
136
136
135
136
136
136
135
136
136
136
135
136
136
136
135
179
136
135
136
136
136
135
136
136
136
135
135
136
136
136
135
136
136
136
135
136
136
136
135
136
136
136
135
136
136
136
135
135
136
136
135
135
136
136
135
135
136
136
135
135
136
136
136
135
136
136
136
135
136
136
136
150
150
151
151
150
