171
171
171
194
194
194
194
171
171
171
171
171
171
171
171
171
171
171
171
171
171
171
171
171
165
165
165
171
165
171
165
165
165
165
165
165
165
171
165
171
171
171
171
171
171
171
171
171
171
171
171
171
171
171
171
171
171
171
171
171
171
194
185
171
171
179
179
180
179
179
185
186
185
179
179
179
180
179
179
179
180
179
179
179
179
180
179
179
179
180
179
179
179
180
180
179
185
185
186
185
185
185
186
185
185
185
185
185
185
185
185
186
194
194
194
186
185
185
194
195
272
272
272
257
258
258
242
243
243
243
243
243
243
243
243
243
243
243
243
242
243
243
243
243
243
243
243
242
242
243
243
242
243
243
243
257
257
243
258
257
257
258
258
257
257
257
243
243
242
242
258
258
243
563
564
136
135
135
136
136
136
135
136
136
136
135
136
136
136
135
135
136
121
121
121
121
121
121
121
121
121
121
121
121
121
121
121
121
121
121
121
121
121
121
121
121
121
121
121
121
121
121
121
121
121
121
121
121
121
121
121
121
121
121
121
121
135
136
136
136
135
136
136
136
135
135
136
136
135
135
136
136
136
135
136
301
607
665
301
194
179
179
180
136
135
135
180
179
135
136
136
135
136
136
136
135
136
136
136
135
136
136
136
135
135
136
136
135
121
121
121
121
121
121
121
121
121
121
121
121
121
121
121
121
121
121
121
121
121
121
121
121
121
121
121
121
136
135
136
136
136
135
136
136
136
135
135
136
136
135
135
136
136
179
135
136
136
135
136
136
136
135
136
136
136
135
136
136
136
135
135
136
136
135
135
136
136
136
135
136
136
136
135
136
136
136
135
136
136
136
135
135
136
136
135
135
136
136
135
135
136
136
135
135
136
136
135
135
136
136
136
135
136
151
150
150
151
151
150
150
