171
171
171
171
171
171
171
171
171
171
171
171
171
165
165
165
165
165
165
165
165
165
165
165
165
165
165
165
165
166
171
171
171
171
171
171
171
171
171
171
171
171
171
171
171
171
171
171
171
171
171
171
171
194
194
185
180
179
179
179
179
179
179
179
179
179
179
179
179
179
179
179
179
179
179
179
179
179
179
179
179
179
179
179
179
179
179
179
184
185
185
185
185
185
185
185
185
185
185
185
185
185
185
185
194
258
286
286
272
272
244
242
242
242
242
242
242
242
242
242
257
257
257
257
257
242
242
242
242
242
242
241
244
256
257
257
257
257
247
242
228
242
257
257
257
257
256
242
242
242
257
266
272
272
272
272
272
272
135
135
135
135
135
135
135
135
135
135
135
135
135
135
135
135
121
121
121
121
121
121
121
121
121
121
121
121
121
121
121
121
121
121
121
121
121
121
121
121
121
121
121
121
121
121
121
121
121
121
121
121
121
121
121
121
121
121
121
121
121
121
121
121
134
135
135
135
135
135
135
135
135
135
135
135
135
135
135
135
170
171
171
179
135
135
135
179
171
179
135
135
135
135
135
135
135
135
135
135
135
135
135
135
135
135
135
132
121
121
121
121
121
121
121
121
121
121
121
121
121
121
121
121
121
121
121
121
121
121
121
121
121
121
121
121
121
135
135
135
135
135
135
135
135
135
135
135
135
135
135
135
135
135
135
135
194
150
135
135
135
135
135
135
135
135
135
135
135
135
135
135
135
135
135
135
135
135
135
135
135
135
135
135
135
135
135
135
135
135
135
135
135
135
135
135
135
135
135
135
135
135
135
135
135
135
135
135
135
135
135
135
135
135
135
135
135
146
150
150
150
150
150
150
150
150
158
150
150
228
228
228
170
228
214
214
213
214
213
213
213
213
