171
171
171
171
171
171
171
171
171
171
171
171
171
168
165
165
165
168
168
168
168
165
165
165
165
165
165
168
168
171
171
171
171
171
171
171
171
171
171
171
171
171
171
171
171
171
171
171
171
171
171
171
171
171
200
185
185
179
179
179
179
179
179
179
179
179
179
179
179
179
179
179
179
179
179
179
179
179
179
179
179
179
179
179
179
179
179
179
179
185
185
185
185
185
185
185
185
185
185
185
190
185
185
185
185
240
286
286
286
272
272
272
272
272
249
243
242
243
242
243
257
257
257
257
257
257
257
257
242
242
243
242
243
235
250
257
257
257
258
257
243
235
228
257
258
257
257
257
250
242
242
243
257
272
272
272
272
272
272
272
135
136
135
136
135
136
135
136
135
136
135
136
135
136
135
135
121
121
121
121
121
121
121
121
121
121
121
121
121
121
121
121
121
121
121
121
121
121
121
121
121
121
121
121
121
121
121
121
121
121
121
121
121
121
121
121
121
121
121
121
121
121
121
121
121
135
136
135
136
135
136
135
136
135
136
135
136
135
135
135
135
179
179
171
179
135
136
179
194
194
194
136
136
135
136
135
136
135
136
135
136
135
136
135
136
135
136
135
135
136
135
121
121
121
121
121
121
121
121
121
121
121
121
121
121
121
121
121
121
121
121
121
121
121
121
121
121
121
121
121
121
135
136
135
136
135
136
135
136
135
136
135
136
135
135
135
135
179
143
135
135
136
135
136
135
136
135
136
135
136
135
136
135
136
135
136
135
136
135
135
135
135
136
135
136
135
136
135
136
135
136
135
136
135
136
135
136
135
136
135
136
135
136
135
136
135
136
135
136
135
136
135
136
135
135
135
135
136
143
150
150
151
150
151
150
151
150
151
150
228
221
185
185
213
214
214
214
214
214
213
