228
235
218
194
171
171
171
171
171
171
171
171
171
171
171
171
171
171
171
171
171
168
168
168
165
171
171
168
165
165
165
165
165
165
165
168
168
171
171
168
171
171
171
171
171
171
171
171
171
171
171
171
171
171
171
171
171
171
171
171
171
171
228
194
185
179
179
179
179
179
179
179
179
179
179
179
179
179
179
179
179
179
179
179
179
179
179
179
179
179
179
179
179
179
179
179
179
185
185
185
185
185
185
185
185
185
185
185
185
185
185
185
185
286
286
287
286
272
272
228
228
272
272
242
243
242
250
257
258
257
243
228
258
257
257
257
242
242
242
243
242
228
257
257
257
257
257
257
242
228
228
258
257
258
257
258
242
242
242
250
257
272
272
272
272
272
272
272
272
136
136
135
136
135
136
135
136
135
136
135
136
135
136
135
121
121
121
121
121
121
121
121
121
121
121
121
121
121
121
121
121
121
121
121
121
121
121
121
121
121
121
121
121
121
121
121
121
121
121
121
121
121
121
121
121
121
121
121
128
121
135
128
135
136
135
136
135
136
135
136
135
136
135
136
135
136
135
136
135
136
135
135
179
171
171
179
135
179
194
194
194
135
135
136
135
136
135
136
135
136
135
136
135
136
135
135
136
135
136
135
136
135
136
135
121
121
121
121
121
121
121
121
121
121
121
121
121
121
121
121
121
121
121
121
121
121
121
121
121
121
121
121
135
135
136
135
136
135
136
135
136
135
136
135
135
135
135
136
179
135
136
135
136
135
135
135
135
136
135
136
135
136
135
136
135
136
135
136
135
136
135
135
135
135
136
135
136
135
136
135
136
135
136
135
136
135
136
135
135
135
135
135
135
135
135
136
135
136
135
136
135
136
135
136
135
136
135
136
135
136
150
150
150
150
150
150
150
150
151
150
