171
171
171
171
171
171
171
171
171
171
171
171
171
171
168
165
165
165
168
168
168
168
165
165
165
165
165
165
168
168
171
171
171
171
171
171
171
171
171
171
171
171
171
171
171
171
171
171
171
171
171
171
171
171
228
194
185
185
179
179
179
179
171
171
179
179
179
179
179
179
179
179
179
179
179
179
179
179
179
179
179
179
179
179
179
179
179
179
179
185
185
185
185
185
185
185
185
185
185
185
194
185
185
185
185
194
257
286
286
272
272
272
272
272
272
257
243
242
243
257
258
257
258
257
258
257
258
257
243
242
243
242
243
228
258
257
258
257
258
257
258
235
228
257
257
257
257
257
242
242
243
243
257
257
272
272
272
272
272
272
264
135
136
135
136
135
136
135
135
135
135
136
135
136
135
136
121
121
121
121
121
121
121
121
121
121
121
121
121
121
121
121
121
121
121
121
121
121
121
121
121
121
121
121
121
121
121
121
121
121
121
121
121
121
121
121
121
121
121
121
121
121
121
121
121
136
135
136
135
136
135
136
135
136
135
136
135
136
135
136
135
136
157
179
175
135
136
135
179
194
194
194
135
135
136
135
136
135
136
135
136
135
135
135
135
136
135
136
135
136
135
136
135
136
121
121
121
121
121
121
121
121
121
121
121
121
121
121
121
121
121
121
121
121
121
121
121
121
121
121
121
121
121
135
136
135
136
135
135
135
135
135
135
136
135
136
135
136
135
158
135
136
135
136
135
136
135
136
135
135
136
135
136
135
136
135
136
135
136
135
136
135
135
136
135
136
135
136
135
136
135
136
135
136
135
136
135
136
135
136
135
136
135
135
135
135
135
135
136
135
136
135
136
135
136
135
136
135
136
135
151
150
151
150
151
150
150
150
150
150
150
214
156
156
156
214
213
214
213
214
