171
171
171
171
171
171
171
171
171
171
171
171
171
165
165
165
165
165
165
165
165
165
165
165
165
165
165
165
166
166
171
171
171
171
171
171
171
171
171
171
171
171
171
171
171
171
171
171
171
171
171
171
171
194
185
185
179
179
179
179
179
171
179
179
179
179
179
179
179
179
179
179
179
179
179
179
179
179
179
179
179
179
179
179
179
179
179
179
185
185
185
185
185
185
185
185
185
185
185
185
185
185
185
185
251
268
286
286
272
272
272
272
257
242
242
242
242
242
242
248
254
245
257
257
257
242
242
242
242
242
242
242
242
254
257
257
257
257
257
242
228
228
257
257
257
257
257
257
245
242
243
257
272
272
272
272
272
272
135
135
135
135
135
135
135
135
135
135
135
135
135
135
135
135
135
121
121
121
121
121
121
121
121
121
121
121
121
121
121
121
121
121
121
121
121
121
121
121
121
121
121
121
121
121
121
121
121
121
121
121
121
121
121
121
121
121
121
121
121
121
121
121
121
132
135
135
135
135
135
135
135
135
135
135
135
135
135
135
135
135
171
171
144
135
135
170
171
194
194
135
135
135
135
135
135
135
135
135
135
135
135
135
135
135
135
135
135
126
124
121
121
121
121
121
121
121
121
121
121
121
121
121
121
121
121
121
121
121
121
121
121
121
121
121
121
121
121
132
135
135
135
135
135
135
135
135
135
135
135
135
135
135
135
135
135
179
156
135
135
135
135
135
135
135
135
135
135
135
135
135
135
135
135
135
135
135
135
135
135
135
135
135
135
135
135
135
135
135
135
135
135
135
135
135
135
135
135
135
135
135
135
135
135
135
135
135
135
135
135
135
135
135
135
135
135
135
135
147
150
150
150
150
150
150
150
150
150
197
213
202
214
213
213
213
214
213
213
213
214
214
