171
171
171
171
171
171
171
171
171
171
171
171
171
168
166
165
165
165
166
165
165
165
165
165
165
165
165
165
165
171
171
171
171
171
171
171
171
171
171
171
171
171
171
171
171
171
171
171
171
171
171
171
171
171
228
194
185
180
179
179
179
179
179
179
179
179
179
179
179
179
179
179
179
179
179
179
179
179
179
179
179
179
179
179
179
179
179
179
179
185
185
185
185
185
185
185
185
185
185
185
185
185
185
185
185
194
286
286
286
272
272
272
257
245
242
242
242
242
242
254
257
257
228
257
257
257
257
242
242
242
242
242
242
242
251
257
257
257
257
257
242
228
228
242
257
257
257
257
254
242
242
242
257
272
272
272
272
272
272
272
135
135
135
135
135
135
135
135
135
135
135
135
135
135
135
135
129
121
121
121
121
121
121
121
121
121
121
121
121
121
121
121
121
121
121
121
121
121
121
121
121
121
121
121
121
121
121
121
121
121
121
121
121
121
121
121
121
121
121
121
121
121
121
121
121
135
135
135
135
135
135
135
135
135
135
135
135
135
135
135
135
135
176
171
179
135
135
144
182
194
194
135
135
135
135
135
135
135
135
135
135
135
135
135
135
135
135
135
135
135
124
121
121
121
121
121
121
121
121
121
121
121
121
121
121
121
121
121
121
121
121
121
121
121
121
121
121
121
121
129
135
135
135
135
135
135
135
135
135
135
135
135
135
135
135
135
135
179
150
135
135
135
135
135
135
135
135
135
135
135
135
135
135
135
135
135
135
135
135
135
135
135
135
135
135
135
135
135
135
135
135
135
135
135
135
135
135
135
135
135
135
135
135
135
135
135
135
135
135
135
135
135
135
135
135
135
135
135
135
150
150
150
150
150
150
150
150
150
150
150
170
185
202
179
190
214
213
213
214
214
