239
242
242
239
235
242
242
242
242
238
228
228
242
242
242
242
242
242
228
228
242
242
242
242
242
242
242
236
229
242
242
242
243
242
242
185
179
179
179
179
179
179
179
179
179
179
179
179
179
179
179
179
184
228
228
228
228
228
228
228
228
228
228
228
228
228
228
228
228
228
228
228
228
228
228
228
228
228
228
228
228
228
228
228
228
228
228
228
228
228
228
228
228
228
228
228
228
228
228
228
228
228
228
228
228
228
228
228
228
242
242
242
242
243
242
242
228
228
242
242
242
242
257
257
257
257
257
242
242
242
242
234
228
242
242
242
242
257
257
257
257
257
257
257
257
257
161
150
150
150
150
150
150
150
150
135
135
135
137
135
135
135
135
82
82
82
82
82
82
82
82
82
82
82
82
82
82
82
82
82
82
82
82
82
82
82
82
82
82
82
82
82
82
82
82
82
82
82
82
82
82
82
82
82
82
82
82
82
82
82
92
92
135
135
121
121
121
121
134
135
135
135
135
150
150
327
135
121
121
121
121
121
121
121
121
121
121
121
121
121
121
121
121
121
121
121
135
135
135
92
92
92
92
92
92
89
82
82
82
82
82
82
82
82
82
82
82
82
82
82
82
82
82
82
82
82
82
82
82
82
82
82
82
82
82
82
82
82
82
82
82
82
82
82
82
82
92
92
92
92
92
92
92
92
105
121
121
179
179
179
165
165
165
165
165
165
165
165
165
165
150
135
135
135
135
135
165
165
165
165
138
135
135
135
135
135
135
165
165
165
150
150
135
135
135
135
135
135
135
135
165
165
165
165
165
165
150
150
150
165
165
165
150
150
150
150
150
150
150
150
165
165
165
179
179
179
179
179
179
179
179
179
179
179
179
179
179
179
179
206
345
275
257
256
242
242
242
242
242
242
