206
221
242
242
242
242
242
242
242
242
238
242
241
242
242
242
242
228
228
228
229
242
243
230
228
228
236
242
241
231
228
228
238
242
242
242
242
242
242
228
242
242
242
242
242
228
242
242
242
242
242
228
242
242
242
228
228
228
228
228
228
228
228
228
228
228
228
228
228
228
228
228
228
228
228
228
228
228
228
228
228
228
228
228
218
215
222
228
228
228
228
228
226
219
228
228
228
228
228
228
228
228
228
228
228
228
228
228
228
228
228
228
228
228
228
228
228
228
228
228
228
228
242
242
228
228
228
228
228
242
242
242
242
242
242
228
228
228
242
242
242
242
242
257
257
257
257
257
242
242
242
243
242
242
228
239
242
242
257
257
257
257
257
246
257
257
259
272
271
150
150
150
150
150
150
150
150
150
150
150
150
150
150
82
82
82
82
82
82
82
82
82
82
82
82
82
82
82
82
82
82
82
82
82
82
82
82
82
82
82
82
82
82
82
82
82
82
82
82
82
82
82
82
82
82
82
82
82
92
92
121
121
121
121
121
121
121
121
257
257
134
121
121
121
121
121
121
121
121
121
121
121
121
121
121
121
121
121
119
121
121
121
121
121
121
121
125
92
92
92
92
92
92
92
92
83
82
82
82
82
82
82
82
82
82
82
82
82
82
82
82
82
82
82
82
82
82
82
82
82
82
82
82
82
82
82
82
82
82
82
82
83
92
92
92
92
92
92
92
92
92
106
107
121
121
121
121
121
165
165
172
179
176
165
165
165
165
165
153
150
150
135
121
121
121
121
121
165
159
150
141
135
134
121
121
121
150
150
150
150
150
150
123
121
121
121
165
165
165
165
165
165
165
153
150
150
150
150
150
150
150
150
150
150
150
150
165
165
165
165
176
179
179
179
179
179
179
185
185
187
