241
228
228
228
228
228
228
228
228
228
228
228
228
228
228
228
228
228
228
228
228
228
228
228
228
228
228
228
228
228
228
228
228
228
228
228
228
228
228
228
228
228
228
228
228
228
228
228
228
228
228
215
214
214
213
213
214
213
213
213
213
214
214
214
213
214
214
213
213
213
214
214
214
213
213
213
213
214
214
214
214
214
213
213
214
214
214
214
214
213
213
213
214
213
228
228
228
228
228
228
228
228
228
228
228
228
228
228
228
228
228
228
241
242
242
234
229
236
242
228
228
228
228
257
257
257
244
242
242
242
242
242
242
242
242
242
242
242
242
253
257
257
257
257
251
242
242
272
272
257
257
272
272
272
272
709
374
374
374
374
286
286
374
374
194
194
194
194
194
194
194
194
194
183
194
194
92
92
92
92
92
92
92
92
92
91
92
82
82
82
82
82
82
82
82
82
82
82
82
82
82
82
82
82
82
92
92
92
92
92
92
92
92
92
92
92
92
92
92
92
92
92
194
194
359
359
308
337
359
359
242
228
242
242
242
242
242
242
257
485
257
257
242
242
242
242
382
228
228
228
228
228
228
228
228
228
403
286
286
286
305
476
476
447
194
194
194
194
194
194
194
194
194
194
194
194
92
92
92
92
92
92
92
92
92
92
92
92
92
92
92
92
92
92
92
92
92
92
92
92
92
92
92
92
92
92
92
92
92
92
92
92
92
92
92
92
92
92
92
92
92
92
92
92
92
92
106
107
107
106
107
231
228
228
280
626
417
417
690
624
633
855
540
388
680
607
607
607
315
253
242
242
223
194
194
194
194
194
194
194
194
194
180
179
179
179
179
179
179
178
171
171
171
171
171
170
165
165
165
165
165
165
165
162
165
165
165
165
165
165
165
165
165
165
165
165
165
165
165
165
