242
242
241
239
241
242
242
242
242
242
228
228
242
242
242
242
242
242
242
228
228
242
242
242
242
241
242
242
242
242
242
242
242
242
242
217
179
179
179
179
179
179
179
179
179
179
179
179
179
179
179
179
179
179
179
179
228
228
228
228
228
228
228
228
228
228
228
228
228
228
228
228
228
228
228
228
228
228
228
228
228
228
228
228
228
228
228
228
228
228
228
228
228
228
228
228
228
228
228
228
228
230
228
228
228
228
228
228
228
228
242
242
242
243
242
242
242
230
228
228
242
242
242
257
257
257
257
257
242
242
242
242
242
239
242
242
242
256
257
257
257
257
257
257
257
257
150
150
150
150
150
150
150
150
150
135
135
135
135
135
135
135
135
82
82
82
82
82
82
82
82
82
82
82
82
82
82
82
82
82
82
82
82
82
82
82
82
82
82
82
82
82
82
82
82
82
82
82
82
82
82
82
82
82
82
82
82
82
86
92
92
135
125
121
121
121
121
135
135
135
135
150
150
330
135
121
121
121
121
121
121
121
121
121
121
121
121
121
121
121
121
121
121
121
135
135
135
92
92
92
92
92
92
92
82
82
82
82
82
82
82
82
82
82
82
82
82
82
82
82
82
82
82
82
82
82
82
82
82
82
82
82
82
82
82
82
82
82
82
82
82
82
82
82
82
92
92
92
92
92
92
92
107
106
121
121
121
179
169
165
165
165
165
165
165
165
165
165
165
135
135
135
135
135
135
165
165
165
150
135
135
135
135
135
135
135
165
165
150
150
135
135
135
135
135
135
135
135
165
165
165
165
165
165
151
150
150
150
154
162
150
150
150
150
150
150
150
150
165
165
166
179
179
179
179
179
179
179
179
179
179
179
179
179
179
179
179
179
447
418
257
257
242
242
236
242
242
242
242
242
