228
228
228
228
228
228
228
228
228
228
228
228
228
228
228
228
228
228
228
228
228
228
228
228
228
228
228
228
228
228
228
228
228
228
228
228
228
228
228
228
213
213
213
214
214
213
214
214
213
213
213
213
213
213
213
213
213
213
214
213
213
214
213
213
213
213
213
213
213
214
213
213
213
214
214
213
214
214
214
214
228
228
228
228
228
228
228
228
228
228
228
228
228
228
228
228
228
228
228
228
228
228
235
228
228
228
228
228
228
233
241
242
247
257
257
257
251
242
242
242
242
242
242
242
242
243
242
242
242
242
242
257
257
257
257
257
257
270
270
280
242
242
242
272
272
257
257
266
272
723
451
432
304
272
416
432
400
374
272
272
272
272
374
374
374
374
374
490
619
194
194
194
194
194
194
194
194
194
194
194
194
194
194
92
92
92
92
92
92
92
92
82
82
82
82
82
82
82
82
82
82
82
82
82
82
82
82
82
82
82
82
82
82
82
82
82
82
82
83
92
92
92
92
92
92
92
92
92
92
92
92
92
92
92
92
92
92
345
330
340
242
242
242
242
242
242
242
242
242
242
242
242
242
242
242
242
242
491
491
518
520
534
476
476
476
476
454
476
452
446
812
572
258
228
376
460
490
480
476
476
476
465
465
464
461
272
272
272
272
272
194
194
194
194
194
194
194
194
194
194
194
194
194
194
194
92
92
92
92
92
92
92
92
92
92
92
92
92
92
92
92
92
92
92
92
92
92
92
92
92
92
92
92
92
92
92
92
92
92
92
92
92
92
92
92
92
92
92
92
92
92
92
92
92
92
92
92
92
92
92
92
92
92
102
105
106
107
326
519
520
535
726
665
738
548
344
344
344
344
344
344
242
242
242
344
309
228
228
300
344
344
344
209
194
194
194
194
194
194
194
