228
228
228
242
242
375
417
417
417
150
150
150
150
148
135
135
135
135
135
135
135
135
135
135
135
135
135
135
135
135
135
135
135
135
135
135
135
135
135
135
135
135
135
135
135
150
150
150
150
150
150
150
150
150
156
156
156
179
156
156
179
179
179
179
179
332
367
442
447
447
434
432
418
242
242
242
228
228
228
228
228
228
228
228
228
228
228
228
228
213
213
213
213
214
214
213
213
213
213
213
213
213
213
213
213
214
214
213
213
213
213
214
214
214
214
213
213
213
213
213
213
213
213
213
214
214
214
213
213
214
214
214
214
214
214
214
214
213
213
223
228
228
228
228
228
228
228
228
228
228
228
228
228
228
228
228
228
228
228
228
228
228
234
242
242
242
234
242
242
242
242
240
229
229
242
242
242
242
242
242
242
242
242
242
242
242
242
242
242
242
272
242
243
286
272
121
121
121
121
121
106
106
107
106
107
107
107
106
106
107
106
106
107
107
107
107
106
106
101
92
92
92
92
92
92
92
92
92
92
92
107
106
106
107
107
107
106
106
107
106
106
107
106
107
106
107
106
121
121
121
121
121
121
121
121
121
121
121
121
121
493
210
179
121
179
179
121
121
121
121
121
121
121
106
106
107
106
107
106
106
107
107
107
106
106
107
107
107
107
106
106
107
107
107
106
106
107
107
106
107
107
106
107
107
107
107
107
106
107
107
106
107
107
107
106
107
106
107
107
107
121
121
121
121
121
121
121
121
121
121
121
121
121
121
121
121
121
121
165
165
165
141
135
135
135
135
135
135
135
135
135
135
135
135
135
135
135
135
135
135
135
135
135
135
135
135
135
135
135
135
135
135
135
135
135
135
135
135
135
135
135
135
135
135
135
150
150
150
150
150
150
165
165
179
179
179
179
179
179
185