457
203
171
171
171
171
171
171
171
171
171
165
165
165
165
165
165
165
165
165
165
165
165
165
165
165
165
165
165
165
165
165
165
165
165
165
165
165
165
165
165
165
165
165
165
165
165
165
165
165
165
165
171
171
171
171
171
171
171
171
171
171
171
171
171
171
171
171
171
171
228
228
228
228
228
228
213
213
214
213
213
213
213
214
213
213
214
213
213
214
213
214
213
213
213
213
214
213
213
214
213
213
214
213
214
214
213
213
213
214
213
214
213
213
214
214
213
214
213
213
214
213
214
213
214
213
213
213
213
213
213
213
228
228
213
213
214
215
228
222
213
228
228
228
228
228
228
228
228
228
228
228
228
228
228
228
228
228
228
228
242
231
242
243
242
242
239
242
243
242
243
243
242
242
242
242
242
242
266
242
242
242
135
135
135
135
121
121
121
121
106
107
107
106
106
106
107
107
107
107
106
107
107
92
92
92
92
92
92
92
92
92
92
92
92
92
92
92
92
92
92
92
92
92
92
93
92
93
106
107
107
105
107
107
106
107
107
106
106
107
106
107
106
106
107
121
121
121
121
121
121
121
121
121
135
135
121
121
121
121
121
121
121
135
135
121
121
121
121
121
121
121
121
121
121
121
121
121
121
119
106
107
106
107
106
107
106
107
107
106
106
106
107
106
106
107
106
107
107
107
107
107
106
106
107
107
106
106
107
107
107
107
107
107
106
106
107
106
107
107
107
106
107
119
121
121
121
121
121
121
121
121
121
121
121
121
121
121
121
121
121
121
135
138
135
135
135
135
135
135
135
135
135
135
135
135
135
135
135
135
135
135
135
135
135
135
135
135
135
135
135
135
135
135
135
135
135
135
135
135
135
135
135
135
135
135
135
135
135
135
135
135
135
135
135
135
135
135
135