150
150
150
150
150
150
150
150
150
150
150
150
150
150
150
150
150
150
150
150
156
156
156
156
156
156
156
156
156
156
156
156
156
156
156
156
156
156
156
156
156
156
156
345
345
356
257
171
461
461
461
345
345
345
345
345
228
228
228
228
228
228
228
228
214
213
213
213
213
213
213
214
214
214
214
214
214
214
214
214
213
213
214
214
213
213
214
213
200
213
213
214
214
213
213
213
214
200
202
214
200
213
213
213
214
214
213
214
214
213
214
214
214
213
213
213
214
214
214
213
214
214
214
213
213
214
214
228
228
228
228
228
228
228
228
228
228
228
228
228
228
228
228
228
228
228
228
228
228
228
228
228
228
228
228
243
243
243
243
243
135
135
135
135
135
135
135
135
135
135
135
135
121
121
121
121
121
121
121
121
121
121
121
121
121
121
121
121
121
121
121
121
121
121
121
121
121
121
121
121
121
121
121
121
121
121
121
121
121
135
135
135
135
135
135
135
135
135
135
135
135
135
135
135
152
301
389
389
389
378
287
286
287
287
287
287
121
121
121
121
121
121
121
121
121
121
121
121
121
121
121
121
121
121
121
121
121
121
121
107
107
107
107
107
107
106
106
107
107
106
107
107
106
106
106
107
107
106
107
107
106
106
107
107
106
107
107
107
106
107
107
106
107
106
107
107
107
106
106
121
121
121
121
121
121
121
121
121
121
121
121
121
121
121
121
121
121
121
121
121
121
121
121
121
121
121
121
121
121
121
121
121
121
121
121
121
121
121
121
121
121
121
121
121
121
121
121
121
121
121
121
121
121
121
121
121
121
121
121
121
121
121
121
121
121
121
121
121
121
121
121
121
121
121
121
121
121
121
121
121
121
121
121
121
121
121
121
121
121
121
121
121
121
121
121
121
121
121
121
