395
179
170
165
165
165
150
150
150
150
150
150
150
150
150
150
150
150
150
150
150
150
150
150
150
150
150
150
150
150
150
150
150
150
150
150
150
150
150
150
150
150
150
150
150
150
150
150
150
150
150
150
150
150
150
150
150
150
150
150
147
137
135
135
135
135
135
135
135
135
135
135
135
135
135
135
135
135
135
135
135
135
135
135
135
135
135
135
135
135
135
135
135
135
135
135
135
82
82
82
82
82
82
82
82
82
82
82
82
82
82
82
82
82
82
82
82
82
82
82
82
82
82
82
82
82
82
82
82
82
82
82
82
82
82
82
200
213
213
214
214
228
214
214
214
213
213
213
213
213
213
213
213
213
213
214
214
213
179
179
214
213
213
213
213
214
214
214
214
218
228
228
179
179
170
165
165
165
165
150
135
135
135
135
135
135
134
121
121
121
121
121
121
121
121
121
121
121
121
121
121
121
121
121
121
121
121
121
121
121
121
121
121
121
121
121
121
121
121
121
121
121
121
121
121
121
121
121
121
121
121
121
121
121
121
121
121
121
121
121
135
135
135
135
135
135
135
135
135
135
135
135
135
135
135
170
135
135
135
135
135
150
222
179
156
135
135
135
179
165
150
135
135
135
135
150
150
150
135
135
135
135
135
150
150
150
135
135
135
150
150
150
150
150
150
150
150
150
150
150
150
150
150
150
150
150
150
150
150
150
150
150
150
150
150
150
150
150
150
150
150
150
150
150
150
150
150
150
150
150
150
152
159
150
152
163
165
165
179
174
165
166
179
165
165
165
165
165
165
165
165
152
150
150
150
150
162
165
165
165
165
165
165
165
165
165
165
165
165
165
165
165
165
165
165
165
165
165
165
165
165
165
165
165
165
165
165
165
165
165
165
165
165
165
179
179
179
179
179
179
