179
241
254
179
179
315
393
174
121
111
95
92
92
92
92
92
92
92
92
92
92
92
92
92
92
92
92
92
92
92
92
92
92
92
92
92
92
92
92
92
92
98
107
121
121
121
134
135
135
135
135
135
135
135
135
135
150
165
165
150
135
135
135
135
135
135
135
135
135
135
135
135
135
135
135
135
135
135
135
135
135
135
135
135
135
135
135
135
135
135
135
135
135
135
135
135
135
135
135
135
135
135
135
135
135
135
135
135
135
135
135
135
135
135
135
135
135
135
135
135
135
135
150
150
150
150
150
150
150
150
150
150
228
228
228
150
150
226
223
228
167
150
150
214
214
214
214
213
214
213
213
214
214
213
214
213
213
179
179
213
213
213
213
214
228
228
228
228
214
214
213
213
228
228
228
228
228
165
144
135
135
135
135
135
135
135
122
121
121
121
121
121
121
121
121
121
121
121
121
121
121
121
121
121
121
121
121
121
121
121
121
121
121
121
121
121
121
121
121
121
121
121
121
121
121
121
121
121
121
121
121
121
121
121
121
121
121
121
121
135
135
135
135
135
135
135
135
135
135
135
135
135
135
135
135
135
135
135
135
135
189
417
165
165
135
135
135
165
163
150
135
135
135
135
150
150
150
135
135
135
135
150
150
150
150
135
135
137
150
150
150
150
150
150
150
150
150
150
150
150
150
150
150
150
150
150
150
150
150
150
150
150
150
150
150
150
150
150
150
150
150
150
150
150
150
150
150
150
150
150
150
150
150
150
165
165
179
179
165
165
165
165
179
165
165
165
165
163
152
153
165
165
165
165
165
165
165
165
165
165
165
165
165
165
165
165
165
165
165
165
165
165
165
165
165
165
165
165
165
165
165
165
165
165
165
165
165
165
165
165
165
165
179
179
179
179
179
179
179
179
