280
228
228
228
295
418
306
312
316
169
107
102
92
92
92
92
92
92
92
92
92
92
92
92
92
92
92
92
92
92
92
92
92
92
92
93
106
107
107
106
107
228
228
228
228
228
228
228
228
228
251
330
341
417
361
359
347
418
330
330
330
330
388
345
344
316
315
191
179
179
179
179
179
179
179
179
179
179
179
179
179
179
179
179
179
179
179
179
179
179
179
179
179
179
179
179
179
179
179
179
179
179
179
179
179
179
179
179
179
179
179
179
179
179
179
179
179
179
179
179
179
179
179
179
179
179
179
179
179
179
179
179
179
179
247
302
315
315
315
315
315
280
315
316
315
315
315
315
312
301
301
301
313
314
371
343
512
293
288
286
286
286
286
286
286
289
286
286
286
286
272
286
286
287
286
286
286
286
286
286
286
286
272
272
272
286
286
286
286
286
286
286
273
272
272
272
279
287
286
286
286
286
286
286
286
286
286
286
286
287
286
286
286
286
282
242
247
242
242
242
243
242
242
248
248
301
301
301
301
295
295
230
228
228
228
228
228
228
228
228
228
228
228
228
228
228
228
211
228
228
228
228
228
228
228
228
228
228
200
200
200
200
211
214
228
228
228
228
228
228
228
228
228
211
200
200
200
200
200
200
200
200
200
200
200
200
200
200
200
200
200
200
200
200
200
200
200
200
200
200
200
200
200
200
200
200
200
200
200
200
200
200
200
200
200
200
200
200
200
200
200
200
211
228
228
228
228
228
228
213
213
214
214
213
213
214
213
225
228
228
228
228
228
228
228
228
228
228
228
228
228
264
228
228
228
228
228
228
242
242
242
229
228
228
505
272
477
228
228
228
228
228
228
228
242
242
257
272
578
578
242
242
242
243
294
171
171
171
171
171
171
171
171
171
171
171
171
171
171
165
