179
107
106
107
107
107
106
107
107
107
107
107
106
107
107
107
106
107
106
107
107
107
106
107
107
106
107
107
107
106
107
106
107
107
106
107
106
107
106
107
106
107
107
106
106
107
106
107
106
107
106
107
106
107
106
107
107
132
150
150
359
417
417
345
267
150
150
150
150
150
150
150
150
150
150
150
150
150
150
150
150
150
150
150
150
150
150
150
150
150
150
150
150
150
150
150
150
150
150
150
150
150
150
150
150
150
150
150
150
150
150
150
194
194
194
194
194
194
305
301
286
301
301
301
301
286
286
286
286
294
286
242
286
286
286
286
286
286
286
286
286
272
272
272
272
272
272
272
272
272
272
272
272
272
272
286
286
286
264
247
257
286
286
286
289
286
257
242
286
414
200
200
200
200
301
403
234
194
194
194
194
194
194
194
194
194
194
194
194
194
194
194
194
194
194
194
194
186
185
185
186
194
194
194
190
191
185
185
190
194
194
194
194
194
194
194
194
194
194
200
238
238
200
200
308
417
373
194
194
194
194
194
257
225
200
208
200
238
242
242
242
242
242
242
242
242
242
242
228
228
228
242
242
242
242
242
257
381
194
189
150
150
150
150
150
150
150
150
150
150
150
150
150
150
150
150
150
150
150
150
150
150
150
150
150
150
150
150
150
150
150
150
150
150
150
150
150
150
150
150
150
150
150
150
150
150
150
150
150
150
150
150
150
150
167
150
186
330
315
315
317
330
150
150
150
146
150
132
121
121
121
107
106
107
106
106
107
107
106
107
107
107
106
106
106
106
106
107
107
106
107
107
106
106
107
107
107
106
106
107
107
106
107
107
107
107
106
107
106
107
107
106
107
107
107
106
106
107
107
106
107
107
121
121
121
121
121
150
150
205
242
232
228
228
241
361
374
374
374
374
