242
201
120
106
107
106
107
107
106
106
106
107
107
106
107
107
106
107
107
106
107
106
107
107
106
107
107
106
107
106
106
107
106
106
107
107
106
107
107
107
106
107
107
106
106
107
106
107
106
107
107
107
107
107
107
107
107
107
121
129
150
150
359
417
312
329
150
150
150
150
150
150
150
150
150
150
150
150
150
150
150
150
150
150
150
150
150
150
150
150
150
150
150
150
150
150
150
150
150
150
150
150
150
150
150
150
194
194
194
194
194
194
194
194
194
194
194
190
194
287
301
286
299
301
301
573
286
286
286
286
301
301
243
286
286
286
286
286
286
286
286
286
272
272
272
272
272
272
272
274
272
272
272
272
272
272
263
286
242
242
257
257
286
286
301
310
470
304
243
242
447
200
200
200
252
403
403
593
715
194
194
194
194
194
194
194
194
194
194
194
194
194
194
194
194
194
194
194
185
185
185
185
185
194
194
191
185
185
185
185
185
194
194
194
194
194
194
194
194
194
200
202
242
242
200
200
417
194
194
194
194
194
194
194
242
242
242
242
242
242
242
242
242
242
242
243
242
242
242
242
228
228
228
242
242
243
242
242
345
374
194
150
150
150
150
150
150
150
150
150
150
150
150
150
150
150
150
150
150
150
150
150
150
150
150
150
150
150
150
150
150
150
150
150
150
150
150
150
150
150
150
150
150
150
150
150
150
150
150
150
150
150
150
150
150
150
150
150
330
330
315
315
150
150
150
150
150
150
150
121
121
121
106
106
107
107
107
107
106
107
107
107
107
107
106
106
107
107
107
107
106
106
107
107
107
107
106
107
107
107
107
107
107
107
107
106
106
107
107
107
107
106
107
107
107
106
107
107
106
106
106
107
106
106
121
121
121
121
150
150
150
228
228
228
228
228
243
374
374
374
